33 83 4 
41 150 248 
247 139 123 
130 231 3 
239 15 220 
203 45 135 
73 128 146 
49 212 159 
239 17 203 
220 160 211 
37 193 38 
42 235 189 
34 226 72 
157 100 48 
160 83 63 
124 30 108 
3 104 237 
150 153 193 
53 137 211 
0 101 115 
211 139 52 
249 181 31 
182 215 2 
255 116 102 
47 20 186 
110 144 216 
219 148 64 
200 42 218 
137 95 99 
92 95 200 
207 50 83 
4 43 8 
35 226 223 
37 225 83 
140 16 103 
70 126 248 
30 89 140 
95 33 182 
57 171 21 
156 7 116 
100 215 166 
184 219 209 
192 254 179 
160 36 148 
243 176 164 
91 246 35 
83 20 124 
223 115 158 
149 172 73 
170 72 80 
